6.01543622913648e-17,-1,-1.0593257020809e-18,5.69307587441349e-15,0.4067366430758,2.54347255680553e-17,-0.913545457642601,-596.162791274951,0.913545457642601,5.45228778486753e-17,0.4067366430758,380.556612809467,-1.77635683940025e-15
6.01540988145284e-17,-1,-1.0595324373346e-18,-0.00010127603613896,0.406733472777406,2.54346180535117e-17,-0.913546869143795,-596.163842463732,0.913546869143795,5.45226413304215e-17,0.406733472777406,380.555121795011,2.71590335265692e-06
6.01559638929419e-17,-1,-1.06097582636754e-18,-0.000803407487467799,0.406711493443114,2.54353834409198e-17,-0.913556654565699,-596.171130057579,0.913556654565699,5.4524370063362e-17,0.406711493443114,380.54478470998,2.15448508309457e-05
6.01318209240721e-17,-1,-1.06493057683565e-18,-0.00268865083681961,0.406652477127147,2.542565632541e-17,-0.913582926091745,-596.190696256074,0.913582926091745,5.45023482539999e-17,0.406652477127147,380.517028409607,7.21011219919632e-05
6.01413127027312e-17,-1,-1.07254576647235e-18,-0.00631918143851661,0.406538820948463,2.54296921076451e-17,-0.913633508066464,-596.228371165995,0.913633508066464,5.45110870130036e-17,0.406538820948463,380.463572568,0.000169460484548356
6.01108188099892e-17,-1,-1.0844842357766e-18,-0.0122373229256495,0.406353536096242,2.5417154304903e-17,-0.913715931623215,-596.289771242111,0.913715931623215,5.44835288055551e-17,0.406353536096242,380.376423266109,0.000328166348761094
6.01710355379565e-17,-1,-1.1018388431259e-18,-0.0209657764225929,0.406080235633325,2.54411698624684e-17,-0.913837426585267,-596.380296472484,0.913837426585267,5.45391092939303e-17,0.406080235633325,380.247865619754,0.000562235921884646
6.0159574458761e-17,-1,-1.12707812782748e-18,-0.0330078493503509,0.40570312128278,2.54370820769085e-17,-0.914004911026965,-596.505126483956,0.914004911026965,5.45288873862108e-17,0.40570312128278,380.070455591188,0.000885166362582845
5.99387538159227e-17,-1,-1.16026135503884e-18,-0.0488476835085586,0.405206969378423,2.53483406948491e-17,-0.914224978857586,-596.669215731385,0.914224978857586,5.43273599527498e-17,0.405206969378423,379.837011122287,0.00130994093533232
5.99817873801576e-17,-1,-1.202349175073e-18,-0.0689504820083292,0.40457711615627,2.53668115528156e-17,-0.914503885766854,-596.877287922206,0.914503885766854,5.43671346725315e-17,0.40457711615627,379.540602722424,0.00184903516486501
6.00476736167313e-17,-1,-1.25425675505671e-18,-0.0937627345189935,0.403799442560478,2.53946708326655e-17,-0.914847533848044,-597.133829816221,0.914847533848044,5.44279979430592e-17,0.403799442560478,379.174543639338,0.00251442299058069
5.97370474003488e-17,-1,-1.31685293406766e-18,-0.123712440185446,0.402860358733904,2.52709530781178e-17,-0.915261455192335,-597.443084529186,0.915261455192335,5.41445090871184e-17,0.402860358733904,378.732379736647,0.00331758292096951
6.01324080015215e-17,-1,-1.38339054694821e-18,-0.159209327474956,0.401746788359896,2.54248427837433e-17,-0.91575079472666,-597.809044457962,0.91575079472666,5.45105277069371e-17,0.401746788359896,378.207879197136,0.00426950418802607
6.00436269537426e-17,-1,-1.46978058083483e-18,-0.200645070126326,0.400446153018041,2.53910291986868e-17,-0.916320292546799,-598.235443934657,0.916320292546799,5.44306258364483e-17,0.400446153018041,377.595022166288,0.00538069290169263
5.92462058338105e-17,-1,-1.56917855642012e-18,-0.248393498303344,0.398946356712308,2.5074954321388e-17,-0.916974265978046,-598.725751707578,0.916974265978046,5.37012280383277e-17,0.398946356712308,376.887990445903,0.00666117820424761
5.92430002609691e-17,-1,-1.68225864227066e-18,-0.302810804000417,0.397235770725133,2.50772755360716e-17,-0.917716591577383,-599.283163337735,0.917716591577383,5.37000309659932e-17,0.397235770725133,376.08115734286,0.00812051842475037
5.98644101542869e-17,-1,-1.80964389166168e-18,-0.364235739712674,0.395303218945513,2.53268436746709e-17,-0.918550687273879,-599.910593591372,0.918550687273879,5.42731370349467e-17,0.395303218945513,375.169077773103,0.0097678072334686
5.986150560669e-17,-1,-1.95190526086456e-18,-0.432989809367009,0.393137963812942,2.53285672882028e-17,-0.919479494827924,-600.610668901358,0.919479494827924,5.42740588750662e-17,0.393137963812942,374.146478715888,0.011611679796262
5.82610594160459e-17,-1,-2.10956064330511e-18,-0.50937745051467,0.390729693012144,2.47061879564114e-17,-0.92050546277501,-601.385719963443,0.92050546277501,5.28053554769806e-17,0.390729693012144,373.008250107995,0.0136603189290554
5.7918027622325e-17,-1,-2.25279882876705e-18,-0.593686206810705,0.388068507045894,2.4552410688992e-17,-0.921630530006016,-602.237774527206,0.921630530006016,5.25047822163121e-17,0.388068507045894,371.749436262163,0.0159214612522129
5.98478921514244e-17,-1,-2.44257899017e-18,-0.686186889850274,0.385144907804823,2.53042598505106e-17,-0.922856110123358,-603.168550436168,0.922856110123358,5.42902460899707e-17,0.385144907804823,370.365227888345,0.0184024033449925
6.01724738167403e-17,-1,-2.64897921746713e-18,-0.787133729496287,0.38194978824404,2.54310053957395e-17,-0.924183076700896,-604.179448966791,0.924183076700896,5.45986049334846e-17,0.38194978824404,368.850954790526,0.0211100078999469
5.69499882707362e-17,-1,-2.87229608823737e-18,-0.896764511916213,0.378474423266611,2.42127449733096e-17,-0.925611749565122,-605.271548512127,0.925611749565122,5.16264876755427e-17,0.378474423266611,367.202079305844,0.0240507098773624
5.30649888868348e-17,-1,-3.11276879354922e-18,-1.01530070464682,0.374710461903503,2.27699848148127e-17,-0.927141882205773,-606.445598652491,0.927141882205773,4.80323866433388e-17,0.374710461903503,365.414190546555,0.0272305226596541
5.62679115989905e-17,-1,-3.37057841967669e-18,-1.14294756812357,0.37064992086858,2.3986198033883e-17,-0.928772650415652,-607.702014652826,0.928772650415652,5.10107927646135e-17,0.37064992086858,363.482999499039,0.0306550442058178
6.01156737092554e-17,-1,-3.58529709357194e-18,-1.27989425324394,0.366285179555661,2.53556087575311e-17,-0.930502642251959,-609.040872424251,0.930502642251959,5.46245520375393e-17,0.366285179555661,361.404335027565,0.0343294632058295
5.23715042245101e-17,-1,-3.87808818721983e-18,-1.42631388468092,0.361608976532566,2.25536634176651e-17,-0.932329849404743,-610.461903985666,0.932329849404743,4.74251651464538e-17,0.361608976532566,359.174140823898,0.0382585652350755
6.59361900394954e-17,-1,-4.18840461122773e-18,-1.58236362982056,0.356614407574563,2.74268193096682e-17,-0.934251660052174,-611.964493460119,0.934251660052174,6.01073495727987e-17,0.356614407574563,356.788473337103,0.0424467389087686
5.94360819326544e-17,-1,-4.51618916910849e-18,-1.7481847533669,0.351294925266766,2.51079431504678e-17,-0.936264853277008,-613.547673639921,0.936264853277008,5.40614001933844e-17,0.351294925266766,354.243500711045,0.0468979820363797
5.41034410892686e-17,-1,-4.86132400260343e-18,-1.92390265783368,0.345644340191829,2.32622473881519e-17,-0.938365595113842,-615.210123154093,0.938365595113842,4.90885185680997e-17,0.345644340191829,351.535502750151,0.0516159077760427
4.63385341368526e-17,-1,-5.22363032313836e-18,-2.10962691032585,0.339656823705896,2.06522818759385e-17,-0.940549436292437,-616.950164271658,0.940549436292437,4.18094404772636e-17,0.339656823705896,348.660871926989,0.056603750788994
4.51225145364306e-17,-1,-5.60286823637529e-18,-2.30545125620153,0.333326912292137,2.03229959967196e-17,-0.942811311738351,-618.765761374445,0.942811311738351,4.06744303498143e-17,0.333326912292137,345.616115438118,0.0618643733939803
6.04638106981285e-17,-1,-5.9987366652582e-18,-2.51145362039528,0.326649513467599,2.54201535630716e-17,-0.945145541888328,-620.654520133378,0.945145541888328,5.51876167137891e-17,0.326649513467599,342.397858307554,0.0674002717216826
5.81841345116453e-17,-1,-6.41087337707856e-18,-2.72769609737411,0.319619913205353,2.46714043953084e-17,-0.947545835874235,-622.613687422654,0.947545835874235,5.30830915781035e-17,0.319619913205353,339.002847530005,0.0732135818691428
6.03334644317746e-17,-1,-6.83885512021246e-18,-2.95422493088753,0.312233784820323,2.53350945379126e-17,-0.950005296625643,-624.640152006677,0.950005296625643,5.5181789155939e-17,0.312233784820323,335.427957238871,0.0793060860541783
7.24202679653392e-17,-1,-7.28219787629663e-18,-3.19107048485833,0.304487199253699,2.89874576706319e-17,-0.952516427937407,-626.730446035037,0.952516427937407,6.676415891685e-17,0.304487199253699,331.670194876758,0.0856792187698094
5.91462881331342e-17,-1,-7.74035723370376e-18,-3.43824720694236,0.296376636677529,2.4922169783496e-17,-0.955071143544666,-628.880747381177,0.955071143544666,5.41948520001271e-17,0.296376636677529,327.72670833914,0.0923340729386728
3.35025769061322e-17,-1,-8.21272888824072e-18,-3.6957535864591,0.287898999328131,1.75103667048043e-17,-0.957660778243456,-631.086882860587,0.957660778243456,2.97196674444101e-17,0.287898999328131,323.594794054607,0.0992714060674504
4.47198010879387e-17,-1,-8.69864927701409e-18,-3.96357210855976,0.279051625464324,2.0832238196516e-17,-0.960276101090576,-633.344332364334,0.960276101090576,4.0515984010177e-17,0.279051625464324,319.271905958066,0.106491646401289
4.46374323534292e-17,-1,-9.19739635138097e-18,-4.24166920665482,0.269832304334347,2.09008616016967e-17,-0.962907330711329,-635.648233943456,0.962907330711329,4.04999561858785e-17,0.269832304334347,314.755665306248,0.113994899078217
4.27417446022506e-17,-1,-9.46598970154613e-18,-4.52999521526451,0.260239292023677,2.02629123613548e-17,-0.965544152738245,-637.993389879158,0.965544152738245,3.88056191203008e-17,0.260239292023677,310.04387127797,0.121780952283571
4.44495793095524e-17,-1,-1.02301955913971e-17,-4.82848432558535,0.250271328044958,2.10290824257271e-17,-0.96817573939787,-640.374273772744,0.96817573939787,4.04746796771316e-17,0.250271328044958,305.13451229481,0.12984928340441
8.30955833425212e-17,-1,-1.07625202503235e-17,-5.13705454617844,0.239927652520966,3.03850835807011e-17,-0.970790771255979,-642.785038687836,0.970790771255979,7.80861992221822e-17,0.239927652520966,300.025777991264,0.138199065183951
5.77360022427853e-17,-1,-1.13042191917239e-17,-5.4556076712832,0.229208023801944,2.42368271531263e-17,-0.97337746112431,-645.219526375598,0.97337746112431,5.36079055369907e-17,0.229208023801944,294.716071757032,0.14682917187597
5.76463731722393e-17,-1,-1.18542947984638e-17,-5.78402925933857,0.218112736350035,2.41422940128136e-17,-0.975923580123926,-647.671277611313,0.975923580123926,5.36728822114186e-17,0.218112736350035,289.204023767909,0.155738185399239
3.03894751119186e-17,-1,-1.24116988383404e-17,-6.1221886243546,0.206642638715781,1.8423572087669e-17,-0.978416485891657,-650.133543667815,0.978416485891657,2.71687772481951e-17,0.206642638715781,283.488504415863,0.164924401491944
3.02102865464608e-17,-1,-1.29753343604389e-17,-6.46993884281741,0.194799151424947,1.86117060476677e-17,-0.980843152906784,-652.599298947856,0.980843152906784,2.71039685835796e-17,0.194799151424947,277.568638043296,0.174385835866101
3.00211573305857e-17,-1,-1.35440577688123e-17,-6.82711677883005,0.182584284588346,1.87977764666844e-17,-0.983190204905115,-655.061254793534,0.983190204905115,2.70435757292055e-17,0.182584284588346,271.44381688129,0.184120230361983
5.71733259443466e-17,-1,-1.41166810759244e-17,-7.19354313019001,0.170000655042878,2.36307008125093e-17,-0.985443949337045,-657.511874486335,0.985443949337045,5.39412630853925e-17,0.170000655042878,265.113715086813,0.194125059102535
2.85220161550264e-17,-1,-1.46919743374903e-17,-7.56902249807968,0.157051502828832,1.8989078516576e-17,-0.987590413814961,-659.943389446246,0.987590413814961,2.5860673088154e-17,0.157051502828832,258.578302769555,0.204397534647803
2.93908974929945e-17,-1,-1.47842666829157e-17,-7.95334348299971,0.143740706806576,1.88554061370452e-17,-0.989615384483662,-662.347816632702,0.989615384483662,2.69605833802304e-17,0.143740706806576,251.837859895213,0.214934614149351
3.00613703608289e-17,-1,-1.53610554603802e-17,-8.34627880950555,0.130072799215253,1.9140721378913e-17,-0.99150444623527,-664.716977143867,0.99150444623527,2.78079268900546e-17,0.130072799215253,244.892989948799,0.225733005504683
5.64832499932856e-17,-1,-1.5936599697129e-17,-8.74758548221518,0.116052978976994,2.23839659102745e-17,-0.993243024677529,-667.042516003989,0.993243024677529,5.42521041973323e-17,0.116052978976994,237.744633238905,0.236789173511659
1.04813680113018e-18,-1,-1.65095296034873e-17,-9.15700497544088,0.10168712355246,1.65305333134152e-17,-0.994816429751553,-669.315923121265,0.994816429751553,-6.3610286619127e-19,0.10168712355246,230.394079721884,0.248099346022926
2.83923999766997e-17,-1,-1.75628499054203e-17,-9.57426345866003,0.0869817991574197,1.99659069958548e-17,-0.996209900882007,-671.528555390912,0.996209900882007,2.67571416834852e-17,0.0869817991574197,222.842981223655,0.259659520100334
5.57962918733937e-17,-1,-1.81263370008599e-17,-9.99907205988061,0.0719442691553572,2.20935888218615e-17,-0.997408653529586,-673.671659909949,0.997408653529586,5.43476182813948e-17,0.0719442691553572,215.093362936369,0.271465468169356
5.55314265330525e-17,-1,-1.86829521453715e-17,-10.4311271687751,0.056582500448021,2.1795127658913e-17,-0.99839792700258,-675.736398261656,0.99839792700258,5.43853329859598e-17,0.056582500448021,207.147634067502,0.283512744173512
-7.52235184109927e-20,-1,-1.92312389289138e-17,-10.8701107812555,0.0409051676942143,1.92120659930683e-17,-0.999163033371385,-677.713871818848,0.999163033371385,-8.61817612191118e-19,0.0409051676942143,199.008597520133,0.295796689728788
5.49440443537967e-17,-1,-1.97697288331788e-17,-11.3156908869402,0.0249216551970542,2.11328850285795e-17,-0.999689407317212,-679.595148006006,0.999689407317212,5.44342847703379e-17,0.0249216551970542,190.679458485277,0.308312440278059
1.1012940377868e-16,-1,-2.02969453402232e-17,-11.7675219007237,0.00864205631134711,2.12479318949868e-17,-0.999962656734096,-681.371287451077,0.999962656734096,1.09949883842492e-16,0.00864205631134711,182.163831830141,0.321054931245508
5.4279266222448e-17,-1,-2.08114081675829e-17,-12.2252451394038,-0.00792282976440099,2.03807095924556e-17,-0.999968613891718,-683.033371948474,0.999968613891718,5.44424478515901e-17,-0.00792282976440099,173.465748170174,0.334018904191052
-1.56262684902299e-18,-1,-2.03428344441049e-17,-12.6884893440477,-0.02476150393254,2.03752900565739e-17,-0.99969338695572,-684.572533145505,0.99969338695572,-1.05842855216103e-18,-0.02476150393254,164.589658517715,0.347198912964759
-1.9400749505672e-18,-1,-2.082735585107e-17,-13.1568712484932,-0.0418617759829903,2.08903138165865e-17,-0.999123411652209,-685.979981855332,0.999123411652209,-1.06650419851618e-18,-0.0418617759829903,155.540437405992,0.360589329861267
-2.19850924471142e-18,-1,-2.12947041170523e-17,-13.629996194084,-0.0592107763108422,2.13875180585646e-17,-0.998245502854216,-687.247037890585,0.998245502854216,-9.33776004436239e-19,-0.0592107763108422,146.32338439416,0.374184351774212
-2.66726814482298e-18,-1,-2.17434283119029e-17,-14.1074587904283,-0.0767949706355419,2.18840507000312e-17,-0.997046905860043,-688.365160303185,0.997046905860043,-9.89605512166221e-19,-0.0767949706355419,136.944223866947,0.387978006350645
-5.86283267604523e-17,-1,-2.21720963259953e-17,-14.5888436216563,-0.0946001777733066,2.76189123045953e-17,-0.995515347126933,-689.325977907701,0.995515347126933,-5.62679148123569e-17,-0.0946001777733066,127.409103051353,0.401964158145456
5.09637982741285e-17,-1,-2.25792995547157e-17,-15.0737259973313,-0.112611590494416,1.66965601505537e-17,-0.993639084218369,-690.12131995798,0.993639084218369,5.31823126805011e-17,-0.112611590494416,117.72458818264,0.416136514775789
-3.79176091124019e-18,-1,-2.29636575956178e-17,-15.5616727468457,-0.13081379947626,2.32623444976022e-17,-0.991406954719698,-690.743246839712,0.991406954719698,-7.55214838083174e-19,-0.13081379947626,107.897658762529,0.430488633075469
5.07155844510521e-17,-1,-2.33238229379278e-17,-16.0522430558073,-0.149190820341631,1.54964929496299e-17,-0.988808423874813,-691.184080635432,0.988808423874813,5.36276974045472e-17,-0.149190820341631,97.9356998640146,0.445013925249423
-4.56015301688368e-18,-1,-2.36584856233826e-17,-16.5449893426013,-0.167726123749865,2.40881875681036e-17,-0.985833630696298,-691.436435412986,0.985833630696298,-5.2740611776324e-19,-0.167726123749865,87.846492449516,0.4597056650281
-3.6555083641047e-18,-1,-2.39663778568179e-17,-17.0394581729943,-0.186402668486268,2.42277260266011e-17,-0.98247343230298,-691.493247084095,0.98247343230298,8.75956937166869e-19,-0.186402668486268,77.6382016820416,0.474556993821892
5.04134286854861e-17,-1,-2.42462785444983e-17,-17.535191210338,-0.205202937472995,1.33853206561561e-17,-0.978719446242106,-691.347802676223,0.978719446242106,5.43160105863444e-17,-0.205202937472995,67.3193632226223,0.489560926875553
-4.1787885071551e-18,-1,-2.4497017737912e-17,-18.031726198626,-0.224108976602302,2.48104178289216e-17,-0.974564090558578,-690.993768858677,0.974564090558578,1.41750435393966e-18,-0.224108976602302,56.8988675213563,0.504710359422628
-5.49145028719226e-17,-1,-2.47174809606427e-17,-18.5285979753733,-0.243102436271145,3.73258213255733e-17,-0.970000621380746,-690.425219562791,0.970000621380746,-4.72582220685618e-17,-0.243102436271145,46.3859421238878,0.519998072839865
-5.82764635977954e-17,-1,-2.4906613395988e-17,-19.0253395110111,-0.262164615474586,3.93134856289309e-17,-0.9650231678012,-689.636662536205,0.9650231678012,-4.97085047856624e-17,-0.262164615474586,35.7901320298942,0.535416740801639
4.829783903171e-17,-1,-2.50634239132224e-17,-19.5214829712341,-0.281276508294622,1.0466484859627e-17,-0.959626763841852,-688.623064672762,0.959626763841852,5.33976513347736e-17,-0.281276508294622,25.1212781550644,0.550958935434379
4.35399957033113e-17,-1,-2.51869889108013e-17,-20.0165607985016,-0.300418852600996,1.09433002837865e-17,-0.95380737730524,-687.379875962358,0.95380737730524,4.90954154187137e-17,-0.300418852600996,14.3894939629758,0.566617133470981
3.37917825533945e-17,-1,-2.52764559553831e-17,-20.5101068086766,-0.319572180761613,1.31520938809149e-17,-0.947561935328381,-685.903051909306,0.947561935328381,4.00974590260769e-17,-0.319572180761613,3.60514034807338,0.582383722405236
5.11611436086723e-17,-1,-2.53310471962902e-17,-21.0016572985971,-0.338716872142355,6.50454457255672e-18,-0.94088834647162,-684.189074273335,0.94088834647162,5.67169768879786e-17,-0.338716872142355,-7.22120113451229,0.598251006646243
3.09031242112041e-17,-1,-2.53500625359554e-17,-21.4907521602075,-0.357833207159767,1.26133572589497e-17,-0.933785519192579,-682.234969994351,0.933785519192579,3.79279840651736e-17,-0.357833207159767,-18.0787565824568,0.614211213672842
-1.15297676196314e-17,-1,-2.5332882537982e-17,-21.9769359967389,-0.376901422635205,2.7810253807662e-17,-0.926253376574444,-680.03832817032,0.926253376574444,-1.13148672078636e-18,-0.376901422635205,-28.9565894796286,0.630256500188026
-6.30326273729174e-17,-1,-2.5278971055695e-17,-22.4597592363178,-0.395901768185966,4.81682274409014e-17,-0.918292867198273,-677.597314967311,0.918292867198273,-4.78744227784452e-17,-0.395901768185966,-39.8436317131047,0.646378958273361
-1.25820686643336e-17,-1,-2.5187877565458e-17,-22.9387792383012,-0.414814563377623,2.81378255399774e-17,-0.909905972070649,-674.91068635153,0.909905972070649,-1.00020098395563e-18,-0.414814563377623,-50.7287157255454,0.662570621543418
-1.0686516840419e-18,-1,-2.50592391905673e-17,-23.4135613875889,-0.433620255352526,2.30441618849694e-17,-0.901095707540553,-671.977798545256,0.901095707540553,9.90323625140769e-18,-0.433620255352526,-61.6006076436295,0.678823471300183
1.14851806408093e-17,-1,-2.4892782403206e-17,-23.8836801721438,-0.452299476642171,1.70062881685971e-17,-0.891866124162824,-668.798616121643,0.891866124162824,2.1502235996566e-17,-0.452299476642171,-72.4480412133391,0.695129442687484
-5.0041827281615e-17,-1,-2.46883243937246e-17,-24.3487202389666,-0.470833102866117,4.53419391786446e-17,-0.88222230148952,-665.37371766748,0.88222230148952,-3.25239356562648e-17,-0.470833102866117,-83.2597523642021,0.71148043084541
-1.06865168404189e-18,-1,-2.44457740984017e-17,-24.8082774238163,-0.489202310017273,2.18436659499459e-17,-0.872170338794988,-661.704298957908,0.872170338794988,1.10268828577739e-17,-0.489202310017273,-94.0245142172526,0.727868297064734
-1.06865168404189e-18,-1,-2.41651328788123e-17,-25.2619597500483,-0.507388631032837,2.13657357827463e-17,-0.86171734176505,-657.792173602764,0.86171734176505,1.13402380016619e-17,-0.507388631032837,-104.731172345562,0.744284874941335
-1.0686516840419e-18,-1,-2.38464948479726e-17,-25.7093883920485,-0.525374011351852,2.08517424024987e-17,-0.850871405205313,-653.639771140454,0.850871405205313,1.16190434948849e-17,-0.525374011351852,-115.368680091794,0.760721976530614
2.90817229109536e-17,-1,-2.34900468405232e-17,-26.1501985988864,-0.543140863164409,3.92774823759721e-18,-0.839641591847986,-649.250132571939,0.839641591847986,3.71766284353693e-17,-0.543140863164409,-125.926133744412,0.777171398501921
4.489668581666e-17,-1,-2.3096068026342e-17,-26.584040573976,-0.560672118063736,-6.04790009408134e-18,-0.82803790736048,-644.626903344311,0.82803790736048,5.01254791503214e-17,-0.560672118063736,-136.392807372996,0.793624928292975
-1.0686516840419e-18,-1,-2.26649291691131e-17,-27.0105803067391,-0.577951277820943,1.91138261759645e-17,-0.816071271682284,-639.774323810502,0.816071271682284,1.22271288362286e-17,-0.577951277820943,-146.758187123548,0.810074350264282
4.35486296765259e-17,-1,-2.21970915335184e-17,-27.4295003524844,-0.594962463012775,-8.06881025542835e-18,-0.803753486838951,-634.697217208579,0.803753486838951,4.8208799200068e-17,-0.594962463012775,-157.012004776841,0.826511451853561
-1.06865168404189e-18,-1,-2.16931054468257e-17,-27.8405005569758,-0.611690459245437,1.78150390481151e-17,-0.791097201403283,-629.400975220822,0.791097201403283,1.2424058276708e-17,-0.611690459245437,-167.144270376615,0.842928029730162
-1.06865168404189e-18,-1,-2.1153608522714e-17,-28.2432987224322,-0.6281207607321,1.71312008459731e-17,-0.778115871793737,-623.891541189038,0.778115871793737,1.24554858407441e-17,-0.6281207607321,-177.14530373986,0.859315895949486
4.13875935364712e-17,-1,-2.05793235571838e-17,-28.637631212004,-0.644239610998193,-1.09239723492679e-17,-0.764823720618612,-618.17539107832,0.764823720618612,4.49122286791008e-17,-0.644239610998193,-187.005764668404,0.875666884107413
7.72725558814041e-17,-1,-1.99710561083233e-17,-29.0232534900829,-0.660034040506541,-3.5999547117343e-17,-0.751235692291447,-612.259512296368,0.751235692291447,7.12314788690556e-17,-0.660034040506541,-196.716681689587,0.891972855494713
-7.94980983529691e-17,-1,-1.93296917735288e-17,-29.3999405961387,-0.675491901014069,6.7953406268334e-17,-0.737367406158151,-606.151380489629,0.737367406158151,-4.55622563349174e-17,-0.675491901014069,-206.269479163685,0.908225705251478
-7.95523714228942e-17,-1,-1.86561931794947e-17,-29.7674875501215,-0.690601896492566,6.84318324527851e-17,-0.723235107389617,-599.858934450496,0.723235107389617,-4.46510654980449e-17,-0.690601896492566,-215.656002607131,0.924417368521535
-7.95730339218619e-17,-1,-1.79515967018739e-17,-30.1257096878271,-0.705353610468019,6.88522169092603e-17,-0.708855615904769,-593.390549281712,0.708855615904769,-4.374356842276e-17,-0.705353610468019,-224.868542092999,0.940539826606871
3.74697582013982e-17,-1,-1.7217008932955e-17,-30.4744429249911,-0.719737529655904,-1.50155469104695e-17,-0.694246273598077,-586.755007974675,0.694246273598077,3.84049674814103e-17,-0.719737529655904,-233.899853603912,0.956585113122054
-4.17996848854678e-17,-1,-1.64536029169979e-17,-30.8135439492488,-0.733745063793428,4.18492998073274e-17,-0.67942489015253,-579.961471567583,0.67942489015253,-1.6326996389755e-17,-0.733745063793428,-242.743178227045,0.972545320148653
-4.25559409321629e-17,-1,-1.56626141739966e-17,-31.1428903394768,-0.747368561593798,4.22113649540244e-17,-0.664409687723784,-573.019448057027,0.664409687723784,-1.65688339995117e-17,-0.747368561593798,-251.392259096303,0.988412604389661
-7.93294144185629e-17,-1,-1.48453365335997e-17,-31.4623806124059,-0.760601322771976,6.99759357143887e-17,-0.649219244783702,-565.938760242894,0.649219244783702,-4.02107999135016e-17,-0.760601322771976,-259.841356002744,1.00417919332392
-4.40030636050783e-17,-1,-1.40031178016978e-17,-31.771934196769,-0.773437606115803,4.2909814616806e-17,-0.633872439411792,-558.729512690983,0.633872439411792,-1.70617913582405e-17,-0.773437606115803,-268.085257610853,1.01983739136052
-1.06865168404189e-18,-1,-1.31373552827851e-17,-32.0714913356202,-0.785872633600711,8.96381212601249e-18,-0.618388392321106,-551.402058000781,0.618388392321106,9.66344619778461e-18,-0.785872633600711,-276.119291235082,1.03537958599326
-4.53611430569935e-17,-1,-1.12806880085287e-17,-32.361012917815,-0.797902590570143,4.29936189822734e-17,-0.602786409901098,-543.966962567165,0.602786409901098,-1.83421903869166e-17,-0.797902590570143,-283.939330148055,1.05079825395503
-4.60062954028229e-17,-1,-1.03722047348297e-17,-32.6404802399993,-0.809524622027241,4.33326043343687e-17,-0.587085927553755,-536.434972024563,0.587085927553755,-1.86130934923261e-17,-0.809524622027241,-291.541798408805,1.06608596737227
-1.23902622667778e-16,-1,-9.44462013482655e-18,-32.9098947007869,-0.820736825106006,1.07087217585403e-16,-0.571306453591165,-528.816976560257,0.571306453591165,-6.3034820403183e-17,-0.820736825106006,-298.923673216183,1.08123539991934
-4.72282965577929e-17,-1,-8.49948267328096e-18,-33.1692774291328,-0.831538237811919,4.39933210049362e-17,-0.55546751395257,-521.123976280111,0.55546751395257,-1.9166139632719e-17,-0.831538237811919,-306.082484809065,1.096239332973
-1.60452438168057e-17,-1,-7.53836658934276e-18,-33.4186688492108,-0.841928824142666,1.75765699188223e-17,-0.539588597987159,-513.367046805139,0.539588597987159,-2.31106249695059e-18,-0.841928824142666,-313.016313950902,1.1110906617668
-7.7429711451337e-17,-1,-6.56286704907965e-18,-33.6581281843968,-0.851909455719096,6.9400005313675e-17,-0.523689105535329,-505.557305271035,0.523689105535329,-3.4958127836071e-17,-0.851909455719096,-319.723787051566,1.12578240154547
-6.29844596001746e-17,-1,-5.57459531688558e-18,-33.8877329032215,-0.861481890074657,5.70906855558989e-17,-0.507788295526194,-497.705876895211,0.507788295526194,-2.71803584750192e-17,-0.861481890074657,-326.204068993964,1.14030769371943
-1.47217646656905e-17,-1,-4.57517396716866e-18,-34.107578110405,-0.870648745768191,1.50680379730787e-17,-0.491905236292801,-489.823862267044,0.491905236292801,-3.25834365033684e-18,-0.870648745768191,-332.456853746698,1.15465981201911
-1.42819365333394e-17,-1,-3.56623215677905e-18,-34.317775886308,-0.879413474500083,1.42574634799174e-17,-0.476058757789091,-481.922305507176,0.476058757789091,-3.66284835301719e-18,-0.879413474500083,-338.482352856709,1.16883216864944
-6.31253466535606e-17,-1,-2.54940097756261e-18,-34.518454578332,-0.887780330425183,5.72148472847781e-17,-0.460267405874187,-474.012163430799,0.460267405874187,-2.67912315068963e-17,-0.887780330425183,-344.281281927596,1.18281832044425
-7.5470455051089e-17,-1,-1.52630890724031e-18,-34.7097580479792,-0.895754336867717,6.82815071245056e-17,-0.444549398810388,-466.104275838197,0.444549398810388,-3.21831475978477e-17,-0.895754336867717,-349.854845199804,1.19661197502068
-1.0686516840419e-18,-1,-4.98577375519283e-19,-34.8918448774291,-0.90334125065342,1.17920824605467e-18,-0.428922586101403,-458.209337043348,0.428922586101403,-7.98333401178144e-21,-0.90334125065342,-355.204718358255,1.21020699693363
-5.16141930077294e-17,-1,-4.36619634054753e-19,-35.064887539617,-0.910547524282396,4.71776761431353e-17,-0.413404409777158,-450.337868738512,0.413404409777158,-2.0939972069643e-17,-0.910547524282396,-360.333029701099,1.22359741383014
-6.30405348801772e-17,-1,1.56437926728813e-18,-35.2290715358989,-0.917380266172763,5.72095011532864e-17,-0.398011868210975,-442.500194279279,0.398011868210975,-2.65260117292984e-17,-0.917380266172763,-365.242339810091,1.23677742260384
-6.82881211808108e-17,-1,2.59643475043039e-18,-35.3845945054622,-0.923847199209932,6.20939742778218e-17,-0.382761482534442,-434.706414460955,0.382761482534442,-2.85367714747752e-17,-0.923847199209932,-369.935619868736,1.24974139554939
-6.28964862409735e-17,-1,3.62679827244809e-18,-35.5316653106946,-0.929956617839453,5.7157541360987e-17,-0.367669265694871,-426.966384843381,0.367669265694871,-2.64978699660381e-17,-0.929956617839453,-374.416228778571,1.26248388651684
-6.2802197239146e-17,-1,4.65394511475354e-18,-35.6705031027491,-0.935717343942826,5.71234228244815e-17,-0.352750694180157,-419.289694667511,0.352750694180157,-2.65082958337808e-17,-0.935717343942826,-378.687889227061,1.27499963706611
-6.73852812911232e-17,-1,5.67638102512387e-18,-35.8013363715496,-0.94113868173553,6.15001606149389e-17,-0.338020682416192,-411.68564739345,0.338020682416192,-2.81198805218461e-17,-0.94113868173553,-382.754662862385,1.28728358262138
-8.88369075581728e-17,-1,6.69264549470007e-18,-35.9244019844634,-0.946230371924856,8.18951523637101e-17,-0.323493559822987,-404.163242876326,0.323493559822987,-3.50709519052702e-17,-0.946230371924856,-386.620924731048,1.29933085862554
-6.67322281066732e-17,-1,7.70131483836459e-18,-36.0399442178282,-0.951002545362068,6.1081402772562e-17,-0.309183050497384,-396.731161183353,0.309183050497384,-2.79564438664279e-17,-0.951002545362068,-390.291337133762,1.31113680669456
-6.63937507931923e-17,-1,8.70100507535973e-18,-36.148213785466,-0.955465676419014,6.08692637889937e-17,-0.295102255472837,-389.397748043017,0.295102255472837,-2.79064573082264e-17,-0.955465676419014,-393.770823053499,1.32269698077197
-6.21454816697751e-17,-1,9.6903746085049e-18,-36.249466868236,-0.959630536313669,5.69111518932047e-17,-0.281263637490415,-382.171001905392,0.281263637490415,-2.67784436106748e-17,-0.959630536313669,-397.064539307116,1.33400715328324
-3.33835636179443e-17,-1,1.0668126701816e-17,-36.34396414859,-0.963508146602374,2.93097019336154e-17,-0.267679008199854,-375.058562581427,0.267679008199854,-1.92149061856141e-17,-0.963508146602374,-400.177849568451,1.34506332129021
-6.18139211594875e-17,-1,1.16330117577028e-17,-36.4319698539816,-0.967109733048793,5.68218775312156e-17,-0.25435951769551,-368.067701418593,0.25435951769551,-2.69733580685409e-17,-0.967109733048793,-403.116297406567,1.35586171264554
-6.16371187708723e-17,-1,1.30682309827705e-17,-36.513750812859,-0.970446680071021,5.66619686750035e-17,-0.241315646279168,-361.205312960656,0.241315646279168,-2.75560225226097e-17,-0.970446680071021,-405.885579477771,1.36639879214709
-3.44332873019481e-17,-1,1.40038319266495e-17,-36.5895755268368,-0.97353048595891,3.03211783291845e-17,-0.228557198330326,-354.477908030656,0.228557198330326,-2.15031329758745e-17,-0.97353048595891,-408.491519004387,1.37667126769236
-8.83658060583599e-17,-1,1.49231196968408e-17,-36.6597132624932,-0.976372719043669,8.30531761776422e-17,-0.216093298154462,-347.891608168324,0.216093298154462,-3.36657854302471e-17,-0.976372719043669,-410.940039667007,1.38667609643291
-6.10734954903965e-17,-1,1.58250521245229e-17,-36.7244331660844,-0.978984974991311,5.65627937905231e-17,-0.203932387671164,-341.452141346374,0.203932387671164,-2.79473520171429e-17,-0.978984974991311,-413.237140030265,1.39641049092879
-3.36387388995482e-17,-1,1.6708642686252e-17,-36.7840034043037,-0.98137883538057,2.980291312769e-17,-0.192082225796862,-335.164838884232,0.192082225796862,-2.28589121410487e-17,-0.98137883538057,-415.388868615064,1.40587192530295
-3.40057617583131e-17,-1,1.75729616698564e-17,-36.8386903340376,-0.983565827714687,3.02741089254683e-17,-0.180549889371114,-329.034633472911,0.180549889371114,-2.34239011136547e-17,-0.983565827714687,-417.401299722808,1.41505814139566
-6.04782552951393e-17,-1,1.84171371793419e-17,-36.8887577038999,-0.985557387005071,5.64860005502568e-17,-0.169341775471195,-323.066058220876,0.169341775471195,-2.83926407236652e-17,-0.985557387005071,-419.280510109581,1.42396715491893
-8.82313180112932e-17,-1,1.92403559876649e-17,-36.9344658901356,-0.987364819053266,8.40676031725937e-17,-0.158463604956821,-317.263246627857,0.158463604956821,-3.29787033304424e-17,-0.987364819053266,-421.032556600441,1.43259726161095
-1.14975243877781e-16,-1,2.00418642467062e-17,-36.9760711693059,-0.988999265546161,1.10745830632154e-16,-0.147920427085494,-311.629933391694,0.147920427085494,-3.68285761988285e-17,-0.988999265546161,-422.663454726181,1.44094704339048
-7.40966348124646e-17,-1,2.05787672708651e-17,-37.013825029976,-0.99047167106784,7.05565793272025e-17,-0.137716625038815,-306.16945595229,0.137716625038815,-3.05870244803961e-17,-0.99047167106784,-424.179158457053,1.44901537451133
-7.38804025564376e-17,-1,2.13348331638549e-17,-37.0479735254348,-0.991792752120133,7.05462630100147e-17,-0.12785592220141,-300.884756676716,0.12785592220141,-3.06057799010682e-17,-0.991792752120133,-425.58554110014,1.45680142771668
-5.96796472497668e-17,-1,2.20672883996957e-17,-37.0787566692877,-0.992972968232703,5.66488029111882e-17,-0.118341389036698,-295.778385590374,0.118341389036698,-2.89747932158505e-17,-0.992972968232703,-426.88837741935,1.46430468039361
-7.34518239119953e-17,-1,2.3017822026756e-17,-37.1064078755702,-0.994022495232555,7.04997841972168e-17,-0.109175450407337,-290.852503560673,0.109175450407337,-3.08993688446873e-17,-0.994022495232555,-428.09332702943,1.47152492072745
-7.32409998283306e-17,-1,2.37015818461843e-17,-37.131153444836,-0.994951200732104,7.0492532499425e-17,-0.100359893193172,-286.108885842177,0.100359893193172,-3.09323762372437e-17,-0.994951200732104,-429.205919107934,1.47846225385622
-7.31928445566526e-17,-1,2.43603792333621e-17,-37.1532120974845,-0.995768621884501,7.06445196137704e-17,-0.0918958740653865,-281.548925895299,0.0918958740653865,-3.09834216836543e-17,-0.995768621884501,-430.231538461896,1.48511710802509
-8.66587631968914e-17,-1,2.49938859533303e-17,-37.1727945553966,-0.996483945444752,8.42599803345826e-17,-0.0837839272823922,-277.173639394346,0.0837839272823922,-3.21666176008411e-17,-0.996483945444752,-431.175412978845,1.49149024074072
-7.26306287043827e-17,-1,2.56018348786193e-17,-37.1901031727578,-0.997105990165254,7.04740817628965e-17,-0.076023972380877,-272.983668345195,0.076023972380877,-3.10494118273208e-17,-0.997105990165254,-432.042602485027,1.49758274492575
-7.24365692517006e-17,-1,2.61840198588097e-17,-37.2053316167536,-0.99764319154481,7.04692251882827e-17,-0.0686153216438272,-268.979285237699,0.0686153216438272,-3.10925676373964e-17,-0.99764319154481,-432.837989027036,1.50339605507321
-7.91204527134276e-17,-1,2.66191951469525e-17,-37.2186645986295,-0.998103588940766,7.73318183417353e-17,-0.0615566872367507,-265.16039716334,0.0615566872367507,-3.14391071725984e-17,-0.998103588940766,-433.566268586629,1.50893195340092
-7.90417420614139e-17,-1,2.71494767706612e-17,-37.2302776554141,-0.998494815044833,7.74337243157301e-17,-0.0548461879129778,-261.526549834342,0.0548461879129778,-3.14437500247548e-17,-0.998494815044833,-434.231944232271,1.5141925760059
-7.88415866369734e-17,-1,2.76537399057605e-17,-37.2403369824063,-0.998824087714163,7.74081850596493e-17,-0.0484813551993949,-258.076931446574,0.0484813551993949,-3.1443568499487e-17,-0.998824087714163,-434.839320704885,1.51918041901885
-7.86902675088801e-17,-1,2.81320201920616e-17,-37.2489993163319,-0.999098204140461,7.74248435962051e-17,-0.0424591389845017,-254.81037633479,0.0424591389845017,-3.14477718576191e-17,-0.999098204140461,-435.392500429326,1.52389834475852
-7.85091294030444e-17,-1,2.85844130479507e-17,-37.2564118688719,-0.999323537331169,7.74048030363916e-17,-0.0367759124417134,-251.725368375247,0.0367759124417134,-3.14523216284148e-17,-0.999323537331169,-435.895380937304,1.52834958788613
-7.8346919741138e-17,-1,2.90110733692044e-17,-37.2627123100609,-0.999506034868069,7.73964742758175e-17,-0.031427476231956,-248.820044097296,0.031427476231956,-3.14589888685317e-17,-0.999506034868069,-436.351653681729,1.53253776155982
-7.82059396578272e-17,-1,2.95333156170076e-17,-37.2680288008437,-0.999651219899928,7.73987158209241e-17,-0.0264090619406743,-246.09219547205,0.0264090619406743,-3.15883604887834e-17,-0.999651219899928,-436.764804216753,1.53646686358907
-8.15345942686696e-17,-1,2.98486617213776e-17,-37.2724800738631,-0.999764194316935,8.08671942678824e-17,-0.0217153347155906,-243.539272352767,0.0217153347155906,-3.16121742427559e-17,-0.999764194316935,-437.138113712087,1.54014128258908
-8.14010279587921e-17,-1,3.01996439431965e-17,-37.2761755613306,-0.999849644045738,8.0865115072234e-17,-0.017340395082351,-241.158384547899,0.017340395082351,-3.1606629231828e-17,-0.999849644045738,-437.474661764442,1.54356580413524
-8.1277814878239e-17,-1,3.05261017905165e-17,-37.2792155686002,-0.99991184639459,8.0865331084245e-17,-0.0132777799259838,-238.946303513965,0.0132777799259838,-3.16025997434027e-17,-0.99991184639459,-437.777330463124,1.54674561691753
-8.11626884084204e-17,-1,3.08284829076817e-17,-37.2816914918286,-0.999954679368616,8.08655086444818e-17,-0.00952046263625801,-236.899463661223,0.00952046263625801,-3.15997920838223e-17,-0.999954679368616,-438.048809660893,1.54968631889495
-8.10556875421397e-17,-1,3.11072925848246e-17,-37.2836860778571,-0.999981632865266,8.08656620717111e-17,-0.00606085242489169,-235.013963270695,0.00606085242489169,-3.15979877933816e-17,-0.999981632865266,-438.291603395084,1.5523939234499
-8.44262359459397e-17,-1,3.13630934760181e-17,-37.2852737241909,-0.999995821649673,8.43352189777508e-17,-0.00289079283163107,-233.285565026134,0.00289079283163107,-3.16070211877003e-17,-0.999995821649673,-438.508037397714,1.55487486554268
-8.08659809066148e-17,-1,3.16267804282892e-17,-37.2865208166826,-0.999999999998784,8.0865931586293e-17,-1.5594449640291e-06,-231.709696169315,1.5594449640291e-06,-3.16269065342974e-17,-0.999999999998784,-438.70026762677,1.55713600786584
-8.07830475366666e-17,-1,3.18384798276632e-17,-37.2874861022432,-0.999996577891708,8.08660651085802e-17,0.00261614312936078,-230.281448290939,-0.00261614312936078,-3.16270308581555e-17,-0.999996577891708,-438.870289744048,1.55918464699863
-8.07078691714614e-17,-1,3.20291999505302e-17,-37.2882210936096,-0.999987638611703,8.08661266180793e-17,0.00497218501159341,-228.995576773174,-0.00497218501159341,-3.16275095677408e-17,-0.999987638611703,-439.019949457864,1.56102851956143
-8.23749478111397e-17,-1,3.21997303380086e-17,-37.288770502887,-0.99997495761255,8.26007629350953e-17,0.00707701545704708,-227.846499902552,-0.00707701545704708,-3.16159552009528e-17,-0.99997495761255,-439.150953641477,1.56267580837014
-8.23147381344223e-17,-1,3.23509166815238e-17,-37.2891727002625,-0.999960022488665,8.26007185486129e-17,0.00894166787962035,-226.828297674352,-0.00894166787962035,-3.16135923223895e-17,-0.999960022488665,-439.264882130333,1.56413514859065
-8.13944038479335e-17,-1,3.24836606256448e-17,-37.2894601939453,-0.999944053874216,8.1733454688947e-17,0.010577765435033,-225.934710310879,-0.010577765435033,-3.16208723790537e-17,-0.999944053874216,-439.363200093055,1.5654156338932
-8.22154892457546e-17,-1,3.25989195885289e-17,-37.2896601270385,-0.999928027081623,8.26006783784383e-17,0.0119975271057179,-225.159136517043,-0.0119975271057179,-3.16101907884144e-17,-0.999928027081623,-439.447270862609,1.56652682260687
-8.17421448885938e-17,-1,3.26901378267637e-17,-37.2897947866724,-0.999912694274179,8.21669684320329e-17,0.0132137742281106,-224.494631496451,-0.0132137742281106,-3.16071615430741e-17,-0.999912694274179,-439.518369105107,1.56747874387393
-8.17085606328066e-17,-1,3.27735213953637e-17,-37.2898821203502,-0.999898606951115,8.21669688458448e-17,0.0142399374022331,-223.933904750593,-0.0142399374022331,-3.16066735994689e-17,-0.999898606951115,-439.577694194423,1.56828190380431
